100|255,0,1,2,3,4,5,6,7,8,9,10,11,12,13,14,15,16,17,18,19,20,21,22,23,24,25,26,27,28,29,30,31,32,33,34,35,36,37,38,39,40,41/100|4,0,1,2,3,4,5,6,7,8,9,10,11,12,13,14,15,16,17,18,19,20,21,22,23,24,25,26,27,28,29,30,31,32,33,34,35,36,37,38,39,40,41/20|0,0,1,2,3,4,5,6,7,8,9,10,11,12,13,14,15,16,17,18,19,20,21,22,23,24,25,26,27,28,29,30,31,32,33,34,35,36,37,38,39,40,41


100|255,0/100|255,1/100|255,2/100|255,3/100|255,4/100|255,5/100|255,6/100|255,7/100|255,8/100|255,9/100|255,10/100|255,11/100|255,12/100|255,13/100|255,14/100|255,15/100|255,16/100|255,17/100|255,18/100|255,19/100|255,20/100|255,21/100|255,22/100|255,23/100|255,24/100|255,25/100|255,26/100|255,27/100|255,28/100|255,29/100|255,30/100|255,31/100|255,32/100|255,33/100|255,34/100|255,35/100|255,36/100|255,37/100|255,38/100|255,39/100|255,40/100|255,41/20|0,0,1,2,3,4,5,6,7,8,9,10,11,12,13,14,15,16,17,18,19,20,21,22,23,24,25,26,27,28,29,30,31,32,33,34,35,36,37,38,39,40,41

100|255,0,7,14,21,28,35/100|255,1,8,15,22,29,36/100|255,2,9,16,23,30,37/100|255,3,10,17,24,31,38/100|255,4,11,18,25,32,39/100|255,5,12,19,26,33,40/100|255,6,13,20,27,34,41/100|0,0,1,2,3,4,5,6,7,8,9,10,11,12,13,14,15,16,17,18,19,20,21,22,23,24,25,26,27,28,29,30,31,32,33,34,35,36,37,38,39,40,41/20|0,0,1,2,3,4,5,6,7,8,9,10,11,12,13,14,15,16,17,18,19,20,21,22,23,24,25,26,27,28,29,30,31,32,33,34,35,36,37,38,39,40,41

100|255,0,7,14,21,28,35,2,9,16,23,30,37,40,5,12,19,26,33|0,1,8,15,22,29,36,3,10,17,24,31,38,39,4,11,18,25,32,41,6,13,20,27,34/100|0,0,7,14,21,28,35,2,9,16,23,30,37,40,5,12,19,26,33|255,1,8,15,22,29,36,3,10,17,24,31,38,39,4,11,18,25,32,41,6,13,20,27,34/20|0,0,1,2,3,4,5,6,7,8,9,10,11,12,13,14,15,16,17,18,19,20,21,22,23,24,25,26,27,28,29,30,31,32,33,34,35,36,37,38,39,40,41

100|255,38,39,3,4,10,11,17,18,24,25,31,32/100|255,37,40,2,5,9,12,16,19,23,26,30,33/100|255,36,41,1,6,8,13,15,20,22,27,29,34/100|255,0,7,14,21,28,35/100|0,38,39,3,4,10,11,17,18,24,25,31,32/100|0,37,40,2,5,9,12,16,19,23,26,30,33/100|0,36,41,1,6,8,13,15,20,22,27,29,34/100|0,0,7,14,21,28,35/20|0,0,1,2,3,4,5,6,7,8,9,10,11,12,13,14,15,16,17,18,19,20,21,22,23,24,25,26,27,28,29,30,31,32,33,34,35,36,37,38,39,40,41

100|255,0,7,14,21,28,35/100|255,36,41,1,6,8,13,15,20,22,27,29,34/100|255,37,40,2,5,9,12,16,19,23,26,30,33/100|255,38,39,3,4,10,11,17,18,24,25,31,32/100|0,0,7,14,21,28,35/100|0,36,41,1,6,8,13,15,20,22,27,29,34/100|0,37,40,2,5,9,12,16,19,23,26,30,33/100|0,38,39,3,4,10,11,17,18,24,25,31,32/20|0,0,1,2,3,4,5,6,7,8,9,10,11,12,13,14,15,16,17,18,19,20,21,22,23,24,25,26,27,28,29,30,31,32,33,34,35,36,37,38,39,40,41

100|255,0,7,14,21,28,35/100|255,6,13,20,27,34,41/100|255,5,12,19,26,33,40/100|255,4,11,18,25,32,39/100|255,3,10,17,24,31,38/100|255,2,9,16,23,30,37/100|255,1,8,15,22,29,36/100|0,0,1,2,3,4,5,6,7,8,9,10,11,12,13,14,15,16,17,18,19,20,21,22,23,24,25,26,27,28,29,30,31,32,33,34,35,36,37,38,39,40,41/20|0,0,1,2,3,4,5,6,7,8,9,10,11,12,13,14,15,16,17,18,19,20,21,22,23,24,25,26,27,28,29,30,31,32,33,34,35,36,37,38,39,40,41

100|255,0/100|255,41/100|255,40/100|255,39/100|255,38/100|255,37/100|255,36/100|255,35/100|255,34/100|255,33/100|255,32/100|255,31/100|255,30/100|255,29/100|255,28/100|255,27/100|255,26/100|255,25/100|255,24/100|255,23/100|255,22/100|255,21/100|255,20/100|255,19/100|255,18/100|255,17/100|255,16/100|255,15/100|255,14/100|255,13/100|255,12/100|255,11/100|255,10/100|255,9/100|255,8/100|255,7/100|255,6/100|255,5/100|255,4/100|255,3/100|255,2/100|255,1/100|0,0,1,2,3,4,5,6,7,8,9,10,11,12,13,14,15,16,17,18,19,20,21,22,23,24,25,26,27,28,29,30,31,32,33,34,35,36,37,38,39,40,41/20|0,0,1,2,3,4,5,6,7,8,9,10,11,12,13,14,15,16,17,18,19,20,21,22,23,24,25,26,27,28,29,30,31,32,33,34,35,36,37,38,39,40,41